4

3
John Doe
Jane Smith
Jane Austen
1 2 3
2 1 3
2 3 1
1 2 3
3 1 2

4
Sam
Dean
Castiel
Crowley
1 2 3 4
1 2 4 3
1 3 2 4
2 1 3 4
2 3 1 4
2 3 4 1
3 1 2 4
3 2 1 4
4 1 2 3
4 3 1 2

4
Ваня
Петя
Анатолий
Маша
1 2 3 4
1 2 4 3
1 3 2 4
2 1 3 4
2 3 1 4
2 3 4 1
3 1 2 4
3 2 1 4
4 2 1 3
4 3 1 2

11
Анатолий 1
Анатолий 2
Анатолий 3
Анатолий 4
Анатолий 5
Анатолий 6
Анатолий 7
Анатолий 8
Анатолий 9
Анатолий 10
Анатолий 11
2 1 3 4 5 6 7 8 9 10 11
2 3 4 5 6 7 8 9 10 11 1
3 4 5 6 7 8 9 10 11 1 2
4 5 6 7 8 9 10 11 1 2 3
5 6 7 8 9 10 11 1 2 3 4
6 7 8 9 10 11 1 2 3 4 5
7 8 9 10 11 1 2 3 4 5 6
8 9 10 11 1 2 3 4 5 6 7
9 10 11 1 2 3 4 5 6 7 8
10 11 1 2 3 4 5 6 7 8 9
11 1 2 3 4 5 6 7 8 9 10
1 2 3 4 5 6 7 8 9 10 11
2 3 4 5 6 7 8 9 10 11 1
3 4 5 6 7 8 9 10 11 1 2
4 5 6 7 8 9 10 11 1 2 3
5 6 7 8 9 10 11 1 2 3 4
6 7 8 9 10 11 1 2 3 4 5
7 8 9 10 11 1 2 3 4 5 6
8 9 10 11 1 2 3 4 5 6 7
9 10 11 1 2 3 4 5 6 7 8
10 11 1 2 3 4 5 6 7 8 9
11 1 2 3 4 5 6 7 8 9 10
1 2 3 4 5 6 7 8 9 10 11
2 3 4 5 6 7 8 9 10 11 1
3 4 5 6 7 8 9 10 11 1 2
